conformer_0, 0, 5.10176e-05, 0.139066, 0.139058, 0.139081, 5.18503e-05, 0.814398, 0.139084, 0.787513, 0.814407, 3.53389e-05, 3.78065e-05, 6.21486e-05, 0.787519, 0.787534, 0.129539, 0.8144, 0.814418, 0.0106884, 0.814411, 0.787518, 0.787516, 0.8144, 0.129544, 0.787509, 0.787518, 5.15309e-05, 0.139067, 0.78751, 0.139063, 4.19374e-05, 0.787519, 0.787492, 0.814427, 0.787525, 0.139064, 0.787514, 0.787531, 0.13908, 0.787518, 0.814405, 0.787541, 0.787504, 0.787495, 5.43799e-05, 0.787529, 0.139062, 7.81541e-05, 4.46259e-05, 6.76496e-05, 0.814417, 0.787533, 4.70822e-05, 4.19054e-05, 0.787523, 0.0106888, 0.139089, 0.139089, 0.139065, 0.814406, 0.814415, 0.787506, 0.139076, 5.7576e-05, 0.787495, 0.787492, 0.787511, 0.787531, 0.78748, 0.787517, 0.814424, 4.14237e-05, 0.139076, 0.814406, 0.787513, 6.05678e-05, 5.57212e-05, 0.814389, 0.139069, 0.81441, 0.787508, 0.814396, 0.139068, 0.814388, 0.814397, 0.787513, 0.814391, 0.814379, 0.787528, 0.814381, 0.814412, 0.814392, 0.814401, 0.0106913, 0.129526, 0.814409, 0.139033, 5.63357e-05, 0.787507, 5.54312e-05
conformer_1, 5.10176e-05, 0, 0.139079, 0.13907, 0.139094, 5.17408e-05, 0.814422, 0.139097, 0.787531, 0.814431, 5.62823e-05, 6.16302e-05, 4.51499e-05, 0.787538, 0.787553, 0.129552, 0.814424, 0.814442, 0.010688, 0.814435, 0.787537, 0.787535, 0.814425, 0.129557, 0.787528, 0.787537, 5.4885e-05, 0.13908, 0.787529, 0.139076, 3.80592e-05, 0.787538, 0.78751, 0.814451, 0.787544, 0.139077, 0.787533, 0.78755, 0.139093, 0.787536, 0.814429, 0.787559, 0.787522, 0.787513, 4.36878e-05, 0.787548, 0.139075, 4.91878e-05, 5.65968e-05, 5.827e-05, 0.814441, 0.787551, 4.53277e-05, 5.17096e-05, 0.787541, 0.0106884, 0.139102, 0.139102, 0.139078, 0.81443, 0.81444, 0.787525, 0.139089, 6.03546e-05, 0.787514, 0.78751, 0.787529, 0.787549, 0.787499, 0.787535, 0.814448, 5.79313e-05, 0.139088, 0.81443, 0.787532, 4.87048e-05, 5.16586e-05, 0.814413, 0.139082, 0.814434, 0.787527, 0.81442, 0.13908, 0.814412, 0.814421, 0.787532, 0.814415, 0.814404, 0.787547, 0.814405, 0.814437, 0.814416, 0.814426, 0.0106908, 0.129539, 0.814433, 0.139045, 5.06668e-05, 0.787525, 2.94361e-05
conformer_2, 0.139066, 0.139079, 0, 6.17979e-05, 5.09988e-05, 0.139087, 0.787502, 6.22416e-05, 0.814417, 0.787516, 0.139081, 0.139088, 0.139087, 0.814419, 0.814436, 0.0107044, 0.787507, 0.787524, 0.129557, 0.787519, 0.814423, 0.814416, 0.787515, 0.0106927, 0.814404, 0.814414, 0.139086, 6.24425e-05, 0.814407, 6.75001e-05, 0.139079, 0.814427, 0.814398, 0.787529, 0.814419, 5.50294e-05, 0.814418, 0.814436, 5.22474e-05, 0.814412, 0.787514, 0.814443, 0.814401, 0.8144, 0.13909, 0.81443, 4.31196e-05, 0.139087, 0.139081, 0.139089, 0.787524, 0.814428, 0.139096, 0.139082, 0.814423, 0.129553, 6.07225e-05, 5.32377e-05, 6.30745e-05, 0.787514, 0.787524, 0.814404, 4.71327e-05, 0.139071, 0.814391, 0.814392, 0.81441, 0.814431, 0.81438, 0.814416, 0.787526, 0.139061, 6.95009e-05, 0.787512, 0.814421, 0.139084, 0.13906, 0.787496, 3.14193e-05, 0.787519, 0.81441, 0.787501, 5.86703e-05, 0.7875, 0.787509, 0.814411, 0.787502, 0.787492, 0.814423, 0.787496, 0.787523, 0.7875, 0.787513, 0.129556, 0.0107142, 0.787518, 5.37566e-05, 0.139075, 0.814407, 0.139089
conformer_3, 0.139058, 0.13907, 6.17979e-05, 0, 5.65528e-05, 0.139078, 0.787525, 6.17555e-05, 0.814437, 0.787538, 0.139073, 0.13908, 0.139079, 0.814438, 0.814456, 0.0106813, 0.787529, 0.787546, 0.129549, 0.787541, 0.814443, 0.814435, 0.787537, 0.0106697, 0.814423, 0.814433, 0.139078, 3.28465e-05, 0.814426, 6.11803e-05, 0.13907, 0.814446, 0.814417, 0.787551, 0.814438, 6.13177e-05, 0.814438, 0.814455, 6.15146e-05, 0.814431, 0.787536, 0.814463, 0.81442, 0.814419, 0.139081, 0.814449, 5.74392e-05, 0.139079, 0.139073, 0.139081, 0.787546, 0.814448, 0.139088, 0.139074, 0.814442, 0.129545, 5.37351e-05, 6.1157e-05, 5.95865e-05, 0.787536, 0.787546, 0.814423, 6.17445e-05, 0.139063, 0.81441, 0.814411, 0.814429, 0.81445, 0.814399, 0.814435, 0.787549, 0.139053, 6.59247e-05, 0.787534, 0.81444, 0.139075, 0.139052, 0.787518, 5.58318e-05, 0.787542, 0.814429, 0.787523, 4.76701e-05, 0.787522, 0.787531, 0.81443, 0.787524, 0.787514, 0.814442, 0.787518, 0.787545, 0.787523, 0.787535, 0.129548, 0.010691, 0.78754, 5.72978e-05, 0.139067, 0.814426, 0.139081
conformer_4, 0.139081, 0.139094, 5.09988e-05, 5.65528e-05, 0, 0.139102, 0.787495, 3.80651e-05, 0.814415, 0.787508, 0.139097, 0.139103, 0.139103, 0.814417, 0.814434, 0.0107163, 0.787499, 0.787516, 0.129572, 0.787511, 0.814421, 0.814414, 0.787507, 0.0107048, 0.814402, 0.814412, 0.139101, 4.09445e-05, 0.814405, 4.53555e-05, 0.139094, 0.814424, 0.814396, 0.787521, 0.814417, 5.36024e-05, 0.814416, 0.814434, 5.52322e-05, 0.814409, 0.787506, 0.814441, 0.814399, 0.814397, 0.139105, 0.814428, 3.9667e-05, 0.139103, 0.139096, 0.139104, 0.787516, 0.814426, 0.139111, 0.139097, 0.814421, 0.129568, 4.67765e-05, 2.81813e-05, 6.06152e-05, 0.787506, 0.787516, 0.814402, 3.07923e-05, 0.139086, 0.814389, 0.81439, 0.814408, 0.814429, 0.814378, 0.814414, 0.787519, 0.139077, 6.46192e-05, 0.787504, 0.814419, 0.139099, 0.139075, 0.787489, 4.16084e-05, 0.787512, 0.814408, 0.787493, 4.76426e-05, 0.787492, 0.787502, 0.814409, 0.787494, 0.787484, 0.814421, 0.787488, 0.787516, 0.787493, 0.787505, 0.129572, 0.0107261, 0.787511, 6.04087e-05, 0.139091, 0.814404, 0.139104
conformer_5, 5.18503e-05, 5.17408e-05, 0.139087, 0.139078, 0.139102, 0, 0.814409, 0.139105, 0.787516, 0.814418, 4.21292e-05, 5.31647e-05, 5.34883e-05, 0.787522, 0.787537, 0.12956, 0.814411, 0.81443, 0.0106958, 0.814422, 0.787522, 0.787519, 0.814412, 0.129565, 0.787512, 0.787521, 4.93302e-05, 0.139088, 0.787513, 0.139084, 4.40962e-05, 0.787522, 0.787495, 0.814438, 0.787528, 0.139085, 0.787517, 0.787534, 0.139101, 0.787521, 0.814417, 0.787544, 0.787507, 0.787498, 5.35401e-05, 0.787532, 0.139083, 6.03253e-05, 3.78015e-05, 4.24666e-05, 0.814429, 0.787536, 2.90427e-05, 5.28875e-05, 0.787526, 0.0106962, 0.13911, 0.13911, 0.139086, 0.814418, 0.814427, 0.78751, 0.139097, 6.14556e-05, 0.787498, 0.787495, 0.787514, 0.787534, 0.787483, 0.78752, 0.814435, 3.4989e-05, 0.139096, 0.814418, 0.787516, 5.76907e-05, 5.77331e-05, 0.814401, 0.13909, 0.814421, 0.787512, 0.814407, 0.139088, 0.8144, 0.814409, 0.787516, 0.814403, 0.814391, 0.787531, 0.814393, 0.814424, 0.814404, 0.814413, 0.0106988, 0.129547, 0.81442, 0.139053, 5.51384e-05, 0.78751, 5.18074e-05
conformer_6, 0.814398, 0.814422, 0.787502, 0.787525, 0.787495, 0.814409, 0, 0.787486, 0.18787, 2.64572e-05, 0.814384, 0.814392, 0.814419, 0.187853, 0.187862, 0.792229, 5.36642e-05, 6.70817e-05, 0.81547, 6.10134e-05, 0.187871, 0.187855, 7.55817e-05, 0.792232, 0.187836, 0.187839, 0.814388, 0.787511, 0.187845, 0.78748, 0.814407, 0.18788, 0.187876, 4.8389e-05, 0.18783, 0.787508, 0.187871, 0.187871, 0.787508, 0.187833, 4.98421e-05, 0.187861, 0.187844, 0.187873, 0.814409, 0.187858, 0.787504, 0.814397, 0.814385, 0.814413, 5.10597e-05, 0.18784, 0.814409, 0.814399, 0.187853, 0.815464, 0.78751, 0.7875, 0.787521, 5.3789e-05, 6.71794e-05, 0.187846, 0.78749, 0.814375, 0.187839, 0.187858, 0.187851, 0.187854, 0.187853, 0.187849, 5.01327e-05, 0.814394, 0.787539, 4.37732e-05, 0.187883, 0.814414, 0.814387, 4.46294e-05, 0.787513, 6.50313e-05, 0.18786, 4.52607e-05, 0.787529, 4.47239e-05, 6.17395e-05, 0.187844, 4.60125e-05, 6.02711e-05, 0.187835, 4.65947e-05, 4.84106e-05, 6.04802e-05, 6.82957e-05, 0.815445, 0.792239, 4.25397e-05, 0.787521, 0.814402, 0.187854, 0.814424
conformer_7, 0.139084, 0.139097, 6.22416e-05, 6.17555e-05, 3.80651e-05, 0.139105, 0.787486, 0, 0.814407, 0.787499, 0.1391, 0.139106, 0.139105, 0.814408, 0.814426, 0.0107189, 0.78749, 0.787507, 0.129576, 0.787502, 0.814413, 0.814405, 0.787498, 0.0107076, 0.814394, 0.814403, 0.139104, 3.86866e-05, 0.814397, 3.86851e-05, 0.139097, 0.814416, 0.814387, 0.787512, 0.814408, 4.47177e-05, 0.814408, 0.814425, 5.95934e-05, 0.814401, 0.787497, 0.814433, 0.81439, 0.814389, 0.139108, 0.814419, 4.94509e-05, 0.139106, 0.139099, 0.139107, 0.787507, 0.814418, 0.139114, 0.1391, 0.814412, 0.129572, 4.00835e-05, 3.82039e-05, 6.0776e-05, 0.787497, 0.787507, 0.814394, 3.20115e-05, 0.139089, 0.814381, 0.814381, 0.814399, 0.81442, 0.814369, 0.814405, 0.78751, 0.139079, 6.71405e-05, 0.787495, 0.81441, 0.139102, 0.139078, 0.78748, 6.05208e-05, 0.787503, 0.8144, 0.787484, 6.0226e-05, 0.787483, 0.787493, 0.8144, 0.787485, 0.787475, 0.814413, 0.787479, 0.787507, 0.787484, 0.787496, 0.129575, 0.0107287, 0.787501, 6.98184e-05, 0.139093, 0.814396, 0.139107
conformer_8, 0.787513, 0.787531, 0.814417, 0.814437, 0.814415, 0.787516, 0.18787, 0.814407, 0, 0.187853, 0.787493, 0.787499, 0.787525, 5.27602e-05, 3.06954e-05, 0.815464, 0.187859, 0.187863, 0.792256, 0.18786, 4.02554e-05, 4.56036e-05, 0.187833, 0.81547, 5.84113e-05, 6.68016e-05, 0.787495, 0.814427, 6.06405e-05, 0.814393, 0.787517, 3.34393e-05, 5.2939e-05, 0.187878, 6.03597e-05, 0.814421, 3.68627e-05, 4.52388e-05, 0.814428, 5.22393e-05, 0.187856, 4.56985e-05, 4.72107e-05, 5.26675e-05, 0.787514, 5.175e-05, 0.814417, 0.787503, 0.787493, 0.787518, 0.187858, 4.32512e-05, 0.787512, 0.787508, 4.39301e-05, 0.792252, 0.814433, 0.814424, 0.814435, 0.187858, 0.187851, 5.20648e-05, 0.814409, 0.787487, 4.44512e-05, 6.38859e-05, 4.25251e-05, 4.63448e-05, 6.23203e-05, 3.4646e-05, 0.187874, 0.78751, 0.814457, 0.187866, 4.59249e-05, 0.787521, 0.787504, 0.187858, 0.814429, 0.187849, 5.5176e-05, 0.187866, 0.814445, 0.187846, 0.187843, 5.72343e-05, 0.187849, 0.187838, 4.64895e-05, 0.187834, 0.18785, 0.187856, 0.187844, 0.792232, 0.81547, 0.18785, 0.814422, 0.787513, 5.11878e-05, 0.78753
conformer_9, 0.814407, 0.814431, 0.787516, 0.787538, 0.787508, 0.814418, 2.64572e-05, 0.787499, 0.187853, 0, 0.814393, 0.814401, 0.814428, 0.187836, 0.187845, 0.792242, 5.01288e-05, 7.0559e-05, 0.815479, 6.72644e-05, 0.187854, 0.187838, 7.31201e-05, 0.792245, 0.187819, 0.187822, 0.814397, 0.787525, 0.187828, 0.787493, 0.814416, 0.187863, 0.187859, 5.1054e-05, 0.187813, 0.787521, 0.187854, 0.187854, 0.787522, 0.187816, 5.53001e-05, 0.187844, 0.187827, 0.187855, 0.814418, 0.187841, 0.787517, 0.814406, 0.814394, 0.814422, 4.77092e-05, 0.187822, 0.814418, 0.814408, 0.187836, 0.815474, 0.787523, 0.787514, 0.787534, 5.45651e-05, 6.2862e-05, 0.187829, 0.787504, 0.814384, 0.187822, 0.187841, 0.187834, 0.187837, 0.187836, 0.187832, 5.28458e-05, 0.814403, 0.787553, 4.90952e-05, 0.187866, 0.814423, 0.814396, 4.67485e-05, 0.787526, 6.64274e-05, 0.187843, 5.53714e-05, 0.787543, 4.75357e-05, 5.52407e-05, 0.187827, 5.6327e-05, 5.87099e-05, 0.187818, 4.20372e-05, 4.91747e-05, 6.40611e-05, 6.49866e-05, 0.815455, 0.792252, 4.46615e-05, 0.787534, 0.814411, 0.187836, 0.814433
conformer_10, 3.53389e-05, 5.62823e-05, 0.139081, 0.139073, 0.139097, 4.21292e-05, 0.814384, 0.1391, 0.787493, 0.814393, 0, 3.85784e-05, 5.74586e-05, 0.787499, 0.787514, 0.129556, 0.814386, 0.814404, 0.0107024, 0.814397, 0.787499, 0.787497, 0.814387, 0.129561, 0.78749, 0.787499, 4.51263e-05, 0.139083, 0.78749, 0.139079, 3.18476e-05, 0.787499, 0.787472, 0.814413, 0.787506, 0.13908, 0.787494, 0.787512, 0.139096, 0.787498, 0.814392, 0.787521, 0.787484, 0.787475, 5.51233e-05, 0.78751, 0.139078, 6.47925e-05, 2.96563e-05, 5.78713e-05, 0.814403, 0.787513, 3.68468e-05, 3.96851e-05, 0.787503, 0.0107028, 0.139105, 0.139105, 0.139081, 0.814393, 0.814402, 0.787487, 0.139091, 4.13623e-05, 0.787475, 0.787472, 0.787491, 0.787511, 0.787461, 0.787497, 0.81441, 3.38046e-05, 0.139091, 0.814392, 0.787493, 4.8798e-05, 4.96187e-05, 0.814376, 0.139085, 0.814396, 0.787489, 0.814382, 0.139083, 0.814374, 0.814383, 0.787494, 0.814378, 0.814366, 0.787509, 0.814367, 0.814399, 0.814378, 0.814388, 0.0107052, 0.129543, 0.814395, 0.139048, 4.56663e-05, 0.787487, 5.41463e-05
conformer_11, 3.78065e-05, 6.16302e-05, 0.139088, 0.13908, 0.139103, 5.31647e-05, 0.814392, 0.139106, 0.787499, 0.814401, 3.85784e-05, 0, 6.11229e-05, 0.787505, 0.78752, 0.129561, 0.814394, 0.814412, 0.0107031, 0.814405, 0.787505, 0.787502, 0.814394, 0.129566, 0.787495, 0.787504, 4.51494e-05, 0.13909, 0.787496, 0.139086, 4.8594e-05, 0.787505, 0.787478, 0.814421, 0.787511, 0.139087, 0.7875, 0.787517, 0.139103, 0.787504, 0.814399, 0.787527, 0.78749, 0.787481, 4.7122e-05, 0.787515, 0.139085, 7.01402e-05, 5.07797e-05, 6.7582e-05, 0.814411, 0.787519, 3.79054e-05, 2.55031e-05, 0.787509, 0.0107034, 0.139112, 0.139112, 0.139088, 0.8144, 0.814409, 0.787493, 0.139098, 4.76482e-05, 0.787481, 0.787478, 0.787497, 0.787517, 0.787466, 0.787503, 0.814418, 5.25601e-05, 0.139098, 0.8144, 0.787499, 6.3686e-05, 7.40351e-05, 0.814383, 0.139092, 0.814404, 0.787495, 0.81439, 0.13909, 0.814382, 0.814391, 0.787499, 0.814385, 0.814373, 0.787514, 0.814375, 0.814407, 0.814386, 0.814396, 0.0107059, 0.129548, 0.814403, 0.139055, 4.96663e-05, 0.787493, 6.36602e-05
conformer_12, 6.21486e-05, 4.51499e-05, 0.139087, 0.139079, 0.139103, 5.34883e-05, 0.814419, 0.139105, 0.787525, 0.814428, 5.74586e-05, 6.11229e-05, 0, 0.787532, 0.787547, 0.12956, 0.814421, 0.81444, 0.010697, 0.814432, 0.787531, 0.787529, 0.814422, 0.129565, 0.787522, 0.787531, 7.64459e-05, 0.139089, 0.787523, 0.139085, 4.70832e-05, 0.787532, 0.787504, 0.814448, 0.787538, 0.139086, 0.787527, 0.787544, 0.139102, 0.78753, 0.814427, 0.787553, 0.787516, 0.787507, 5.51981e-05, 0.787542, 0.139084, 4.8623e-05, 5.59408e-05, 5.30541e-05, 0.814439, 0.787545, 5.02442e-05, 6.08908e-05, 0.787535, 0.0106973, 0.139111, 0.139111, 0.139087, 0.814428, 0.814437, 0.787519, 0.139097, 5.51999e-05, 0.787508, 0.787504, 0.787523, 0.787543, 0.787493, 0.787529, 0.814445, 6.67716e-05, 0.139097, 0.814427, 0.787526, 3.33864e-05, 6.34559e-05, 0.814411, 0.139091, 0.814431, 0.787521, 0.814417, 0.139089, 0.81441, 0.814418, 0.787526, 0.814413, 0.814401, 0.787541, 0.814402, 0.814434, 0.814413, 0.814423, 0.0106998, 0.129547, 0.81443, 0.139054, 5.07121e-05, 0.787519, 4.69904e-05
conformer_13, 0.787519, 0.787538, 0.814419, 0.814438, 0.814417, 0.787522, 0.187853, 0.814408, 5.27602e-05, 0.187836, 0.787499, 0.787505, 0.787532, 0, 4.47395e-05, 0.815466, 0.187843, 0.187846, 0.792262, 0.187843, 2.81283e-05, 5.53868e-05, 0.187817, 0.815472, 6.4103e-05, 3.19403e-05, 0.787501, 0.814428, 6.47651e-05, 0.814394, 0.787523, 4.94883e-05, 5.11797e-05, 0.187861, 4.8155e-05, 0.814423, 4.55792e-05, 5.2924e-05, 0.814429, 4.86282e-05, 0.18784, 4.78463e-05, 5.60887e-05, 5.8374e-05, 0.787521, 4.99426e-05, 0.814418, 0.787509, 0.787499, 0.787524, 0.187841, 5.43969e-05, 0.787518, 0.787514, 5.31796e-05, 0.792258, 0.814434, 0.814425, 0.814436, 0.187841, 0.187834, 5.04866e-05, 0.81441, 0.787494, 4.89309e-05, 7.03149e-05, 5.60967e-05, 3.14768e-05, 7.25703e-05, 6.34334e-05, 0.187858, 0.787516, 0.814458, 0.18785, 7.2969e-05, 0.787528, 0.78751, 0.187841, 0.81443, 0.187832, 6.17452e-05, 0.187849, 0.814446, 0.187829, 0.187826, 4.78805e-05, 0.187833, 0.187822, 4.2491e-05, 0.187818, 0.187833, 0.187839, 0.187827, 0.792238, 0.815471, 0.187834, 0.814424, 0.78752, 6.25984e-05, 0.787536
conformer_14, 0.787534, 0.787553, 0.814436, 0.814456, 0.814434, 0.787537, 0.187862, 0.814426, 3.06954e-05, 0.187845, 0.787514, 0.78752, 0.787547, 4.47395e-05, 0, 0.815483, 0.187852, 0.187855, 0.792277, 0.187852, 4.16489e-05, 3.79123e-05, 0.187826, 0.815489, 5.8434e-05, 5.32802e-05, 0.787516, 0.814446, 5.52663e-05, 0.814412, 0.787538, 2.42507e-05, 5.88677e-05, 0.18787, 4.93027e-05, 0.81444, 3.28458e-05, 2.94408e-05, 0.814447, 4.59331e-05, 0.187849, 3.61596e-05, 5.52171e-05, 5.33611e-05, 0.787536, 4.10893e-05, 0.814436, 0.787524, 0.787515, 0.787539, 0.18785, 3.24232e-05, 0.787534, 0.787529, 3.17822e-05, 0.792273, 0.814452, 0.814443, 0.814454, 0.18785, 0.187843, 4.58941e-05, 0.814428, 0.787509, 5.21806e-05, 6.44047e-05, 4.32786e-05, 3.40234e-05, 6.74522e-05, 4.38504e-05, 0.187867, 0.787531, 0.814476, 0.187859, 5.22078e-05, 0.787543, 0.787525, 0.18785, 0.814448, 0.187841, 5.34293e-05, 0.187858, 0.814464, 0.187838, 0.187835, 4.55713e-05, 0.187842, 0.18783, 3.66672e-05, 0.187827, 0.187842, 0.187848, 0.187836, 0.792253, 0.815489, 0.187843, 0.814441, 0.787535, 4.3817e-05, 0.787552
conformer_15, 0.129539, 0.129552, 0.0107044, 0.0106813, 0.0107163, 0.12956, 0.792229, 0.0107189, 0.815464, 0.792242, 0.129556, 0.129561, 0.12956, 0.815466, 0.815483, 0, 0.792233, 0.792251, 0.120002, 0.792245, 0.81547, 0.815463, 0.792241, 6.49097e-05, 0.815452, 0.815461, 0.12956, 0.0106913, 0.815454, 0.0106964, 0.129552, 0.815473, 0.815444, 0.792255, 0.815466, 0.0106974, 0.815465, 0.815483, 0.0107065, 0.815459, 0.79224, 0.81549, 0.815448, 0.815446, 0.129563, 0.815477, 0.0107029, 0.129561, 0.129555, 0.129563, 0.792251, 0.815476, 0.129569, 0.129555, 0.81547, 0.119998, 0.0107106, 0.0107195, 0.0106898, 0.79224, 0.79225, 0.815451, 0.0107126, 0.129545, 0.815438, 0.815439, 0.815457, 0.815478, 0.815427, 0.815463, 0.792253, 0.129535, 0.010698, 0.792238, 0.815467, 0.129557, 0.129534, 0.792223, 0.0106991, 0.792246, 0.815457, 0.792228, 0.010694, 0.792226, 0.792235, 0.815458, 0.792228, 0.792218, 0.815471, 0.792221, 0.792249, 0.792227, 0.792239, 0.120002, 3.02321e-05, 0.792244, 0.0106672, 0.129549, 0.815454, 0.129562
conformer_16, 0.8144, 0.814424, 0.787507, 0.787529, 0.787499, 0.814411, 5.36642e-05, 0.78749, 0.187859, 5.01288e-05, 0.814386, 0.814394, 0.814421, 0.187843, 0.187852, 0.792233, 0, 7.5054e-05, 0.815472, 7.70178e-05, 0.187861, 0.187845, 8.4957e-05, 0.792236, 0.187826, 0.187828, 0.81439, 0.787516, 0.187835, 0.787484, 0.814408, 0.18787, 0.187865, 6.03478e-05, 0.18782, 0.787512, 0.18786, 0.187861, 0.787513, 0.187823, 7.40728e-05, 0.187851, 0.187834, 0.187862, 0.814411, 0.187848, 0.787508, 0.814399, 0.814387, 0.814415, 4.65597e-05, 0.187829, 0.814411, 0.814401, 0.187843, 0.815466, 0.787514, 0.787505, 0.787525, 4.21523e-05, 6.21895e-05, 0.187836, 0.787495, 0.814376, 0.187829, 0.187847, 0.187841, 0.187844, 0.187843, 0.187839, 6.87586e-05, 0.814396, 0.787544, 5.67913e-05, 0.187873, 0.814415, 0.814389, 5.40943e-05, 0.787517, 7.71299e-05, 0.18785, 6.13388e-05, 0.787534, 7.35897e-05, 4.67582e-05, 0.187833, 6.18622e-05, 4.56121e-05, 0.187825, 5.66746e-05, 6.99022e-05, 6.62673e-05, 7.48473e-05, 0.815447, 0.792243, 6.30363e-05, 0.787525, 0.814404, 0.187843, 0.814426
conformer_17, 0.814418, 0.814442, 0.787524, 0.787546, 0.787516, 0.81443, 6.70817e-05, 0.787507, 0.187863, 7.0559e-05, 0.814404, 0.814412, 0.81444, 0.187846, 0.187855, 0.792251, 7.5054e-05, 0, 0.81549, 4.12401e-05, 0.187864, 0.187848, 3.7375e-05, 0.792253, 0.18783, 0.187832, 0.814408, 0.787533, 0.187839, 0.787501, 0.814427, 0.187873, 0.187869, 4.05087e-05, 0.187824, 0.787529, 0.187864, 0.187865, 0.78753, 0.187827, 5.58089e-05, 0.187854, 0.187838, 0.187866, 0.814429, 0.187852, 0.787525, 0.814417, 0.814405, 0.814433, 5.31286e-05, 0.187833, 0.814429, 0.814419, 0.187847, 0.815485, 0.787531, 0.787522, 0.787542, 4.58824e-05, 3.82563e-05, 0.18784, 0.787512, 0.814395, 0.187833, 0.187851, 0.187845, 0.187847, 0.187847, 0.187842, 5.97063e-05, 0.814414, 0.787561, 5.65538e-05, 0.187876, 0.814434, 0.814407, 5.69035e-05, 0.787534, 5.85762e-05, 0.187854, 3.99128e-05, 0.787551, 6.67738e-05, 5.61375e-05, 0.187837, 6.46308e-05, 6.45288e-05, 0.187829, 7.07569e-05, 5.10707e-05, 4.57115e-05, 4.39071e-05, 0.815466, 0.79226, 4.48201e-05, 0.787542, 0.814422, 0.187847, 0.814445
conformer_18, 0.0106884, 0.010688, 0.129557, 0.129549, 0.129572, 0.0106958, 0.81547, 0.129576, 0.792256, 0.815479, 0.0107024, 0.0107031, 0.010697, 0.792262, 0.792277, 0.120002, 0.815472, 0.81549, 0, 0.815483, 0.792262, 0.792259, 0.815473, 0.120006, 0.792252, 0.792261, 0.0106983, 0.129559, 0.792253, 0.129555, 0.0106914, 0.792263, 0.792235, 0.815498, 0.792268, 0.129555, 0.792257, 0.792275, 0.129571, 0.79226, 0.815477, 0.792284, 0.792247, 0.792238, 0.0106991, 0.792272, 0.129553, 0.0106934, 0.010704, 0.0106993, 0.815489, 0.792276, 0.0107041, 0.0106915, 0.792266, 3.85922e-05, 0.12958, 0.12958, 0.129556, 0.815478, 0.815487, 0.792249, 0.129568, 0.0106867, 0.792238, 0.792235, 0.792254, 0.792274, 0.792223, 0.79226, 0.815496, 0.0106762, 0.129566, 0.815478, 0.792257, 0.0106953, 0.0106837, 0.815461, 0.12956, 0.815482, 0.792252, 0.815468, 0.129558, 0.81546, 0.815469, 0.792256, 0.815463, 0.815452, 0.792271, 0.815453, 0.815485, 0.815464, 0.815474, 5.1544e-05, 0.119989, 0.815481, 0.129523, 0.0106811, 0.79225, 0.0106988
conformer_19, 0.814411, 0.814435, 0.787519, 0.787541, 0.787511, 0.814422, 6.10134e-05, 0.787502, 0.18786, 6.72644e-05, 0.814397, 0.814405, 0.814432, 0.187843, 0.187852, 0.792245, 7.70178e-05, 4.12401e-05, 0.815483, 0, 0.187861, 0.187845, 5.07064e-05, 0.792248, 0.187826, 0.187829, 0.814401, 0.787528, 0.187835, 0.787496, 0.814419, 0.18787, 0.187866, 6.10019e-05, 0.18782, 0.787524, 0.187861, 0.187861, 0.787524, 0.187823, 5.0564e-05, 0.187851, 0.187834, 0.187862, 0.814422, 0.187848, 0.78752, 0.81441, 0.814398, 0.814426, 6.76395e-05, 0.187829, 0.814422, 0.814412, 0.187843, 0.815478, 0.787526, 0.787516, 0.787537, 5.8885e-05, 6.73168e-05, 0.187836, 0.787506, 0.814387, 0.187829, 0.187848, 0.187841, 0.187844, 0.187843, 0.187839, 6.13726e-05, 0.814407, 0.787555, 5.6108e-05, 0.187873, 0.814426, 0.8144, 7.21694e-05, 0.787529, 6.72749e-05, 0.18785, 5.63996e-05, 0.787546, 6.00288e-05, 5.89027e-05, 0.187834, 6.30515e-05, 7.46589e-05, 0.187825, 7.12402e-05, 3.04954e-05, 4.82277e-05, 5.50055e-05, 0.815459, 0.792255, 5.09239e-05, 0.787537, 0.814415, 0.187843, 0.814437
conformer_20, 0.787518, 0.787537, 0.814423, 0.814443, 0.814421, 0.787522, 0.187871, 0.814413, 4.02554e-05, 0.187854, 0.787499, 0.787505, 0.787531, 2.81283e-05, 4.16489e-05, 0.81547, 0.187861, 0.187864, 0.792262, 0.187861, 0, 5.84091e-05, 0.187835, 0.815476, 6.42421e-05, 5.03761e-05, 0.787501, 0.814433, 6.77561e-05, 0.814399, 0.787522, 4.32451e-05, 4.54827e-05, 0.187879, 5.85726e-05, 0.814427, 4.68646e-05, 5.39084e-05, 0.814434, 6.11271e-05, 0.187858, 3.8527e-05, 5.39649e-05, 6.07745e-05, 0.78752, 5.39683e-05, 0.814423, 0.787508, 0.787499, 0.787524, 0.187859, 5.74383e-05, 0.787518, 0.787514, 5.3881e-05, 0.792258, 0.814439, 0.81443, 0.814441, 0.187859, 0.187852, 5.82587e-05, 0.814415, 0.787493, 5.3417e-05, 7.76558e-05, 5.8126e-05, 3.8428e-05, 7.49701e-05, 5.67905e-05, 0.187876, 0.787516, 0.814463, 0.187868, 6.5344e-05, 0.787527, 0.78751, 0.187859, 0.814435, 0.18785, 6.57631e-05, 0.187867, 0.814451, 0.187847, 0.187844, 5.60876e-05, 0.187851, 0.18784, 5.01911e-05, 0.187836, 0.187851, 0.187857, 0.187845, 0.792238, 0.815476, 0.187852, 0.814428, 0.787519, 6.64989e-05, 0.787536
conformer_21, 0.787516, 0.787535, 0.814416, 0.814435, 0.814414, 0.787519, 0.187855, 0.814405, 4.56036e-05, 0.187838, 0.787497, 0.787502, 0.787529, 5.53868e-05, 3.79123e-05, 0.815463, 0.187845, 0.187848, 0.792259, 0.187845, 5.84091e-05, 0, 0.187819, 0.815469, 6.36822e-05, 5.43194e-05, 0.787499, 0.814425, 4.28763e-05, 0.814391, 0.78752, 4.45817e-05, 5.15236e-05, 0.187863, 4.85257e-05, 0.81442, 4.40596e-05, 3.27456e-05, 0.814426, 4.52494e-05, 0.187842, 6.17262e-05, 5.12029e-05, 5.16388e-05, 0.787518, 3.61062e-05, 0.814415, 0.787506, 0.787497, 0.787522, 0.187843, 3.31867e-05, 0.787516, 0.787512, 4.90085e-05, 0.792255, 0.814431, 0.814422, 0.814433, 0.187843, 0.187836, 2.86787e-05, 0.814407, 0.787491, 5.21454e-05, 3.69305e-05, 2.50746e-05, 5.18472e-05, 4.56614e-05, 6.26162e-05, 0.18786, 0.787514, 0.814456, 0.187852, 4.92146e-05, 0.787525, 0.787507, 0.187843, 0.814427, 0.187834, 5.32014e-05, 0.187851, 0.814443, 0.187831, 0.187828, 4.52452e-05, 0.187835, 0.187823, 4.37375e-05, 0.187819, 0.187835, 0.187841, 0.187829, 0.792235, 0.815468, 0.187835, 0.814421, 0.787517, 4.26324e-05, 0.787534
conformer_22, 0.8144, 0.814425, 0.787515, 0.787537, 0.787507, 0.814412, 7.55817e-05, 0.787498, 0.187833, 7.31201e-05, 0.814387, 0.814394, 0.814422, 0.187817, 0.187826, 0.792241, 8.4957e-05, 3.7375e-05, 0.815473, 5.07064e-05, 0.187835, 0.187819, 0, 0.792243, 0.1878, 0.187802, 0.81439, 0.787524, 0.187809, 0.787492, 0.814409, 0.187844, 0.187839, 6.45785e-05, 0.187794, 0.78752, 0.187834, 0.187835, 0.78752, 0.187797, 5.35349e-05, 0.187825, 0.187808, 0.187836, 0.814412, 0.187822, 0.787516, 0.814399, 0.814387, 0.814415, 6.39958e-05, 0.187803, 0.814412, 0.814402, 0.187817, 0.815468, 0.787522, 0.787513, 0.787533, 5.51974e-05, 4.56408e-05, 0.18781, 0.787502, 0.814377, 0.187803, 0.187822, 0.187815, 0.187818, 0.187817, 0.187813, 7.33119e-05, 0.814396, 0.787551, 6.35214e-05, 0.187847, 0.814416, 0.81439, 6.29397e-05, 0.787525, 5.56756e-05, 0.187824, 4.94214e-05, 0.787542, 5.69451e-05, 5.0893e-05, 0.187808, 7.09868e-05, 6.02247e-05, 0.187799, 6.42957e-05, 5.11996e-05, 4.22543e-05, 4.44482e-05, 0.815449, 0.79225, 4.76194e-05, 0.787533, 0.814405, 0.187817, 0.814427
conformer_23, 0.129544, 0.129557, 0.0106927, 0.0106697, 0.0107048, 0.129565, 0.792232, 0.0107076, 0.81547, 0.792245, 0.129561, 0.129566, 0.129565, 0.815472, 0.815489, 6.49097e-05, 0.792236, 0.792253, 0.120006, 0.792248, 0.815476, 0.815469, 0.792243, 0, 0.815458, 0.815467, 0.129565, 0.0106799, 0.81546, 0.0106851, 0.129557, 0.815479, 0.81545, 0.792258, 0.815472, 0.0106859, 0.815471, 0.815489, 0.010695, 0.815465, 0.792243, 0.815496, 0.815454, 0.815452, 0.129568, 0.815483, 0.0106914, 0.129566, 0.12956, 0.129568, 0.792253, 0.815482, 0.129574, 0.12956, 0.815476, 0.120002, 0.0106991, 0.010708, 0.0106783, 0.792243, 0.792253, 0.815457, 0.0107011, 0.12955, 0.815444, 0.815445, 0.815463, 0.815484, 0.815433, 0.815469, 0.792256, 0.12954, 0.0106865, 0.792241, 0.815473, 0.129562, 0.129539, 0.792225, 0.0106874, 0.792248, 0.815463, 0.79223, 0.0106825, 0.792229, 0.792238, 0.815464, 0.792231, 0.792221, 0.815477, 0.792224, 0.792252, 0.79223, 0.792242, 0.120007, 6.25474e-05, 0.792247, 0.0106557, 0.129554, 0.81546, 0.129567
conformer_24, 0.787509, 0.787528, 0.814404, 0.814423, 0.814402, 0.787512, 0.187836, 0.814394, 5.84113e-05, 0.187819, 0.78749, 0.787495, 0.787522, 6.4103e-05, 5.8434e-05, 0.815452, 0.187826, 0.18783, 0.792252, 0.187826, 6.42421e-05, 6.36822e-05, 0.1878, 0.815458, 0, 5.8352e-05, 0.787492, 0.814413, 4.02844e-05, 0.81438, 0.787513, 6.57954e-05, 7.98715e-05, 0.187844, 6.16219e-05, 0.814408, 5.97461e-05, 8.03607e-05, 0.814415, 4.62517e-05, 0.187823, 6.53838e-05, 5.18034e-05, 7.13797e-05, 0.787511, 6.37932e-05, 0.814404, 0.787499, 0.78749, 0.787515, 0.187825, 5.87994e-05, 0.787509, 0.787505, 4.99533e-05, 0.792248, 0.81442, 0.814411, 0.814421, 0.187824, 0.187818, 6.08362e-05, 0.814396, 0.787484, 4.31098e-05, 7.66324e-05, 6.99347e-05, 5.55019e-05, 7.36838e-05, 3.8138e-05, 0.187841, 0.787507, 0.814444, 0.187833, 8.13432e-05, 0.787518, 0.7875, 0.187825, 0.814416, 0.187815, 6.55902e-05, 0.187832, 0.814432, 0.187813, 0.18781, 6.48359e-05, 0.187816, 0.187805, 5.07399e-05, 0.187801, 0.187817, 0.187822, 0.187811, 0.792228, 0.815457, 0.187817, 0.814409, 0.78751, 4.58048e-05, 0.787527
conformer_25, 0.787518, 0.787537, 0.814414, 0.814433, 0.814412, 0.787521, 0.187839, 0.814403, 6.68016e-05, 0.187822, 0.787499, 0.787504, 0.787531, 3.19403e-05, 5.32802e-05, 0.815461, 0.187828, 0.187832, 0.792261, 0.187829, 5.03761e-05, 5.43194e-05, 0.187802, 0.815467, 5.8352e-05, 0, 0.787501, 0.814423, 5.1713e-05, 0.814389, 0.787522, 5.86358e-05, 6.35051e-05, 0.187847, 3.78468e-05, 0.814418, 5.95713e-05, 6.2872e-05, 0.814424, 4.67308e-05, 0.187825, 5.60632e-05, 5.32217e-05, 6.16727e-05, 0.78752, 5.6742e-05, 0.814413, 0.787508, 0.787499, 0.787524, 0.187827, 6.03651e-05, 0.787518, 0.787514, 5.34209e-05, 0.792257, 0.814429, 0.81442, 0.814431, 0.187827, 0.18782, 3.95161e-05, 0.814405, 0.787493, 4.69574e-05, 7.0324e-05, 5.59541e-05, 4.9457e-05, 6.76376e-05, 6.96892e-05, 0.187843, 0.787516, 0.814453, 0.187835, 8.01064e-05, 0.787527, 0.787509, 0.187827, 0.814425, 0.187818, 7.03178e-05, 0.187835, 0.814441, 0.187815, 0.187812, 4.1651e-05, 0.187818, 0.187807, 4.43631e-05, 0.187803, 0.187819, 0.187825, 0.187813, 0.792237, 0.815467, 0.187819, 0.814419, 0.787519, 5.57118e-05, 0.787536
conformer_26, 5.15309e-05, 5.4885e-05, 0.139086, 0.139078, 0.139101, 4.93302e-05, 0.814388, 0.139104, 0.787495, 0.814397, 4.51263e-05, 4.51494e-05, 7.64459e-05, 0.787501, 0.787516, 0.12956, 0.81439, 0.814408, 0.0106983, 0.814401, 0.787501, 0.787499, 0.81439, 0.129565, 0.787492, 0.787501, 0, 0.139087, 0.787493, 0.139083, 5.11898e-05, 0.787502, 0.787474, 0.814417, 0.787508, 0.139084, 0.787496, 0.787514, 0.1391, 0.7875, 0.814395, 0.787523, 0.787486, 0.787477, 5.4136e-05, 0.787512, 0.139082, 6.19781e-05, 5.2703e-05, 6.53909e-05, 0.814407, 0.787515, 4.34538e-05, 3.97435e-05, 0.787505, 0.0106987, 0.139109, 0.139109, 0.139085, 0.814396, 0.814405, 0.787489, 0.139096, 5.48986e-05, 0.787477, 0.787474, 0.787493, 0.787513, 0.787463, 0.787499, 0.814414, 4.61106e-05, 0.139096, 0.814396, 0.787495, 7.6412e-05, 5.94513e-05, 0.814379, 0.139089, 0.8144, 0.787491, 0.814386, 0.139088, 0.814378, 0.814387, 0.787496, 0.814381, 0.814369, 0.787511, 0.814371, 0.814403, 0.814382, 0.814392, 0.0107011, 0.129547, 0.814399, 0.139053, 5.8002e-05, 0.787489, 5.83603e-05
conformer_27, 0.139067, 0.13908, 6.24425e-05, 3.28465e-05, 4.09445e-05, 0.139088, 0.787511, 3.86866e-05, 0.814427, 0.787525, 0.139083, 0.13909, 0.139089, 0.814428, 0.814446, 0.0106913, 0.787516, 0.787533, 0.129559, 0.787528, 0.814433, 0.814425, 0.787524, 0.0106799, 0.814413, 0.814423, 0.139087, 0, 0.814416, 3.96786e-05, 0.13908, 0.814436, 0.814407, 0.787538, 0.814428, 4.70615e-05, 0.814428, 0.814445, 5.18509e-05, 0.814421, 0.787523, 0.814453, 0.81441, 0.814409, 0.139091, 0.814439, 5.33589e-05, 0.139089, 0.139082, 0.139091, 0.787533, 0.814438, 0.139097, 0.139084, 0.814432, 0.129555, 3.75974e-05, 4.07873e-05, 5.04507e-05, 0.787523, 0.787533, 0.814413, 4.54393e-05, 0.139073, 0.8144, 0.814401, 0.814419, 0.81444, 0.814389, 0.814425, 0.787535, 0.139063, 6.11042e-05, 0.787521, 0.81443, 0.139085, 0.139061, 0.787505, 5.18785e-05, 0.787528, 0.814419, 0.78751, 4.5849e-05, 0.787509, 0.787518, 0.81442, 0.787511, 0.787501, 0.814432, 0.787505, 0.787532, 0.78751, 0.787522, 0.129558, 0.0107011, 0.787527, 5.40321e-05, 0.139077, 0.814416, 0.13909
conformer_28, 0.78751, 0.787529, 0.814407, 0.814426, 0.814405, 0.787513, 0.187845, 0.814397, 6.06405e-05, 0.187828, 0.78749, 0.787496, 0.787523, 6.47651e-05, 5.52663e-05, 0.815454, 0.187835, 0.187839, 0.792253, 0.187835, 6.77561e-05, 4.28763e-05, 0.187809, 0.81546, 4.02844e-05, 5.1713e-05, 0.787493, 0.814416, 0, 0.814383, 0.787514, 6.06947e-05, 7.41233e-05, 0.187853, 4.93676e-05, 0.814411, 5.80737e-05, 6.52288e-05, 0.814417, 4.51781e-05, 0.187832, 6.41659e-05, 5.34201e-05, 6.869e-05, 0.787512, 4.55626e-05, 0.814406, 0.7875, 0.787491, 0.787516, 0.187834, 5.68407e-05, 0.78751, 0.787506, 5.8923e-05, 0.792249, 0.814423, 0.814413, 0.814424, 0.187833, 0.187827, 4.49116e-05, 0.814398, 0.787485, 4.77928e-05, 5.23445e-05, 5.38681e-05, 6.14238e-05, 5.69175e-05, 5.79056e-05, 0.18785, 0.787508, 0.814447, 0.187842, 7.1409e-05, 0.787519, 0.787501, 0.187834, 0.814419, 0.187824, 5.54131e-05, 0.187841, 0.814435, 0.187822, 0.187819, 6.0514e-05, 0.187825, 0.187814, 4.62821e-05, 0.18781, 0.187826, 0.187831, 0.18782, 0.792229, 0.81546, 0.187826, 0.814412, 0.787511, 3.59834e-05, 0.787528
conformer_29, 0.139063, 0.139076, 6.75001e-05, 6.11803e-05, 4.53555e-05, 0.139084, 0.78748, 3.86851e-05, 0.814393, 0.787493, 0.139079, 0.139086, 0.139085, 0.814394, 0.814412, 0.0106964, 0.787484, 0.787501, 0.129555, 0.787496, 0.814399, 0.814391, 0.787492, 0.0106851, 0.81438, 0.814389, 0.139083, 3.96786e-05, 0.814383, 0, 0.139076, 0.814402, 0.814373, 0.787506, 0.814394, 4.82723e-05, 0.814394, 0.814411, 5.63876e-05, 0.814387, 0.787491, 0.814419, 0.814376, 0.814375, 0.139087, 0.814405, 5.20711e-05, 0.139085, 0.139078, 0.139087, 0.787501, 0.814404, 0.139093, 0.13908, 0.814398, 0.129551, 4.98876e-05, 4.92711e-05, 5.35176e-05, 0.787491, 0.787502, 0.81438, 4.85703e-05, 0.139069, 0.814367, 0.814367, 0.814385, 0.814406, 0.814355, 0.814391, 0.787504, 0.139059, 7.634e-05, 0.787489, 0.814396, 0.139081, 0.139057, 0.787474, 5.99678e-05, 0.787497, 0.814386, 0.787478, 6.29687e-05, 0.787477, 0.787487, 0.814386, 0.787479, 0.787469, 0.814399, 0.787473, 0.787501, 0.787478, 0.78749, 0.129555, 0.0107063, 0.787496, 5.79759e-05, 0.139073, 0.814382, 0.139086
conformer_30, 4.19374e-05, 3.80592e-05, 0.139079, 0.13907, 0.139094, 4.40962e-05, 0.814407, 0.139097, 0.787517, 0.814416, 3.18476e-05, 4.8594e-05, 4.70832e-05, 0.787523, 0.787538, 0.129552, 0.814408, 0.814427, 0.0106914, 0.814419, 0.787522, 0.78752, 0.814409, 0.129557, 0.787513, 0.787522, 5.11898e-05, 0.13908, 0.787514, 0.139076, 0, 0.787523, 0.787496, 0.814435, 0.787529, 0.139077, 0.787518, 0.787535, 0.139093, 0.787521, 0.814414, 0.787545, 0.787508, 0.787498, 4.08626e-05, 0.787533, 0.139075, 5.79065e-05, 4.01111e-05, 4.7411e-05, 0.814426, 0.787537, 3.1418e-05, 3.50432e-05, 0.787526, 0.0106918, 0.139102, 0.139102, 0.139078, 0.814415, 0.814424, 0.78751, 0.139089, 4.72276e-05, 0.787499, 0.787496, 0.787515, 0.787535, 0.787484, 0.78752, 0.814433, 3.76736e-05, 0.139088, 0.814415, 0.787517, 2.99075e-05, 5.10179e-05, 0.814398, 0.139082, 0.814418, 0.787512, 0.814405, 0.13908, 0.814397, 0.814406, 0.787517, 0.8144, 0.814388, 0.787532, 0.81439, 0.814421, 0.814401, 0.81441, 0.0106942, 0.129539, 0.814418, 0.139045, 3.90085e-05, 0.787511, 3.23533e-05
conformer_31, 0.787519, 0.787538, 0.814427, 0.814446, 0.814424, 0.787522, 0.18788, 0.814416, 3.34393e-05, 0.187863, 0.787499, 0.787505, 0.787532, 4.94883e-05, 2.42507e-05, 0.815473, 0.18787, 0.187873, 0.792263, 0.18787, 4.32451e-05, 4.45817e-05, 0.187844, 0.815479, 6.57954e-05, 5.86358e-05, 0.787502, 0.814436, 6.06947e-05, 0.814402, 0.787523, 0, 5.18067e-05, 0.187888, 6.14238e-05, 0.81443, 2.92308e-05, 3.275e-05, 0.814437, 5.73651e-05, 0.187867, 4.71856e-05, 6.206e-05, 4.23454e-05, 0.787521, 5.12428e-05, 0.814426, 0.787509, 0.7875, 0.787525, 0.187868, 5.1301e-05, 0.787519, 0.787515, 3.59806e-05, 0.792259, 0.814442, 0.814433, 0.814444, 0.187868, 0.187861, 4.88901e-05, 0.814418, 0.787494, 5.58434e-05, 6.29314e-05, 4.9809e-05, 4.48362e-05, 6.35561e-05, 5.24971e-05, 0.187885, 0.787517, 0.814466, 0.187877, 5.00954e-05, 0.787528, 0.78751, 0.187868, 0.814438, 0.187859, 5.41554e-05, 0.187876, 0.814454, 0.187856, 0.187853, 4.80742e-05, 0.18786, 0.187848, 5.28833e-05, 0.187844, 0.18786, 0.187866, 0.187854, 0.792239, 0.815479, 0.18786, 0.814431, 0.78752, 4.19296e-05, 0.787537
conformer_32, 0.787492, 0.78751, 0.814398, 0.814417, 0.814396, 0.787495, 0.187876, 0.814387, 5.2939e-05, 0.187859, 0.787472, 0.787478, 0.787504, 5.11797e-05, 5.88677e-05, 0.815444, 0.187865, 0.187869, 0.792235, 0.187866, 4.54827e-05, 5.15236e-05, 0.187839, 0.81545, 7.98715e-05, 6.35051e-05, 0.787474, 0.814407, 7.41233e-05, 0.814373, 0.787496, 5.18067e-05, 0, 0.187884, 6.90926e-05, 0.814402, 5.63505e-05, 5.52218e-05, 0.814408, 7.51128e-05, 0.187862, 7.10778e-05, 6.31399e-05, 5.34102e-05, 0.787493, 6.63362e-05, 0.814397, 0.787482, 0.787472, 0.787497, 0.187864, 6.30515e-05, 0.787491, 0.787487, 6.33604e-05, 0.792231, 0.814413, 0.814404, 0.814415, 0.187864, 0.187857, 5.21013e-05, 0.814389, 0.787466, 6.03975e-05, 6.29823e-05, 5.24049e-05, 6.27549e-05, 5.01886e-05, 7.72506e-05, 0.18788, 0.787489, 0.814437, 0.187873, 6.77893e-05, 0.7875, 0.787483, 0.187864, 0.814409, 0.187855, 6.95372e-05, 0.187872, 0.814425, 0.187852, 0.187849, 4.84505e-05, 0.187855, 0.187844, 6.71456e-05, 0.18784, 0.187856, 0.187862, 0.18785, 0.792211, 0.81545, 0.187856, 0.814403, 0.787493, 6.73952e-05, 0.787509
conformer_33, 0.814427, 0.814451, 0.787529, 0.787551, 0.787521, 0.814438, 4.8389e-05, 0.787512, 0.187878, 5.1054e-05, 0.814413, 0.814421, 0.814448, 0.187861, 0.18787, 0.792255, 6.03478e-05, 4.05087e-05, 0.815498, 6.10019e-05, 0.187879, 0.187863, 6.45785e-05, 0.792258, 0.187844, 0.187847, 0.814417, 0.787538, 0.187853, 0.787506, 0.814435, 0.187888, 0.187884, 0, 0.187838, 0.787534, 0.187879, 0.18788, 0.787534, 0.187841, 5.45964e-05, 0.187869, 0.187852, 0.187881, 0.814438, 0.187866, 0.78753, 0.814426, 0.814414, 0.814442, 3.70423e-05, 0.187848, 0.814438, 0.814428, 0.187861, 0.815493, 0.787536, 0.787526, 0.787547, 4.32342e-05, 3.97255e-05, 0.187854, 0.787516, 0.814403, 0.187848, 0.187866, 0.187859, 0.187862, 0.187861, 0.187857, 4.84487e-05, 0.814423, 0.787565, 4.27452e-05, 0.187891, 0.814442, 0.814416, 4.91261e-05, 0.787539, 6.38046e-05, 0.187868, 4.04288e-05, 0.787556, 6.28363e-05, 5.82665e-05, 0.187852, 6.08106e-05, 6.62499e-05, 0.187843, 6.43724e-05, 5.64617e-05, 6.04007e-05, 6.02005e-05, 0.815474, 0.792265, 4.5652e-05, 0.787547, 0.814431, 0.187862, 0.814453
conformer_34, 0.787525, 0.787544, 0.814419, 0.814438, 0.814417, 0.787528, 0.18783, 0.814408, 6.03597e-05, 0.187813, 0.787506, 0.787511, 0.787538, 4.8155e-05, 4.93027e-05, 0.815466, 0.18782, 0.187824, 0.792268, 0.18782, 5.85726e-05, 4.85257e-05, 0.187794, 0.815472, 6.16219e-05, 3.78468e-05, 0.787508, 0.814428, 4.93676e-05, 0.814394, 0.787529, 6.14238e-05, 6.90926e-05, 0.187838, 0, 0.814423, 6.58365e-05, 5.8479e-05, 0.814429, 5.01144e-05, 0.187817, 4.56551e-05, 5.61433e-05, 7.73644e-05, 0.787527, 5.32592e-05, 0.814418, 0.787515, 0.787506, 0.787531, 0.187819, 4.97811e-05, 0.787525, 0.787521, 6.07407e-05, 0.792264, 0.814434, 0.814425, 0.814436, 0.187818, 0.187812, 4.1943e-05, 0.81441, 0.7875, 4.26194e-05, 6.62382e-05, 4.50556e-05, 5.86942e-05, 5.77761e-05, 6.19741e-05, 0.187835, 0.787523, 0.814458, 0.187827, 8.37375e-05, 0.787534, 0.787516, 0.187818, 0.81443, 0.187809, 6.14696e-05, 0.187826, 0.814446, 0.187806, 0.187803, 4.07605e-05, 0.18781, 0.187799, 2.43629e-05, 0.187795, 0.18781, 0.187816, 0.187804, 0.792244, 0.815472, 0.187811, 0.814424, 0.787526, 5.32596e-05, 0.787543
conformer_35, 0.139064, 0.139077, 5.50294e-05, 6.13177e-05, 5.36024e-05, 0.139085, 0.787508, 4.47177e-05, 0.814421, 0.787521, 0.13908, 0.139087, 0.139086, 0.814423, 0.81444, 0.0106974, 0.787512, 0.787529, 0.129555, 0.787524, 0.814427, 0.81442, 0.78752, 0.0106859, 0.814408, 0.814418, 0.139084, 4.70615e-05, 0.814411, 4.82723e-05, 0.139077, 0.81443, 0.814402, 0.787534, 0.814423, 0, 0.814422, 0.81444, 3.87129e-05, 0.814415, 0.787519, 0.814447, 0.814405, 0.814403, 0.139088, 0.814433, 3.66861e-05, 0.139086, 0.139079, 0.139088, 0.787529, 0.814432, 0.139094, 0.139081, 0.814427, 0.129551, 4.29398e-05, 4.15938e-05, 2.97459e-05, 0.787519, 0.787529, 0.814408, 5.62577e-05, 0.13907, 0.814395, 0.814396, 0.814414, 0.814435, 0.814384, 0.81442, 0.787532, 0.13906, 5.3077e-05, 0.787517, 0.814425, 0.139082, 0.139058, 0.787502, 4.74597e-05, 0.787525, 0.814414, 0.787506, 4.04576e-05, 0.787505, 0.787514, 0.814415, 0.787507, 0.787497, 0.814427, 0.787501, 0.787528, 0.787506, 0.787518, 0.129555, 0.0107072, 0.787523, 4.26789e-05, 0.139074, 0.81441, 0.139087
conformer_36, 0.787514, 0.787533, 0.814418, 0.814438, 0.814416, 0.787517, 0.187871, 0.814408, 3.68627e-05, 0.187854, 0.787494, 0.7875, 0.787527, 4.55792e-05, 3.28458e-05, 0.815465, 0.18786, 0.187864, 0.792257, 0.187861, 4.68646e-05, 4.40596e-05, 0.187834, 0.815471, 5.97461e-05, 5.95713e-05, 0.787496, 0.814428, 5.80737e-05, 0.814394, 0.787518, 2.92308e-05, 5.63505e-05, 0.187879, 6.58365e-05, 0.814422, 0, 3.76694e-05, 0.814429, 4.3243e-05, 0.187857, 5.89769e-05, 6.31011e-05, 4.22045e-05, 0.787516, 3.98214e-05, 0.814418, 0.787504, 0.787494, 0.787519, 0.187859, 4.64233e-05, 0.787513, 0.787509, 4.18816e-05, 0.792253, 0.814434, 0.814425, 0.814436, 0.187859, 0.187852, 5.33842e-05, 0.81441, 0.787489, 5.41372e-05, 5.20421e-05, 5.41829e-05, 3.01841e-05, 6.77857e-05, 5.09617e-05, 0.187875, 0.787511, 0.814458, 0.187868, 5.18167e-05, 0.787522, 0.787505, 0.187859, 0.81443, 0.18785, 4.11592e-05, 0.187867, 0.814446, 0.187847, 0.187844, 5.78435e-05, 0.18785, 0.187839, 5.01988e-05, 0.187835, 0.187851, 0.187857, 0.187845, 0.792233, 0.815471, 0.187851, 0.814423, 0.787515, 4.26107e-05, 0.787531
